1.06137472751207
0.293837373364264
0.270196528266591
-0.757683492838414
-1.40976098002537
-0.0663113974247462
-0.79868808199436
1.36997449294972
1.61067418434749
0.901976245782483
1.76812939121520
-0.254520258091094
0.732692132481321
-0.913409539374317
0.86836166389983
0.238906290422233
1.961257926632
0.494651812989655
1.14486312554734
-0.305718835173164
-0.793489907462665
0.772907646152691
0.814413940766733
0.0852983928671781
0.559927777715237
-1.08836264458194
0.266271382143427
-1.78650130024513
0.100509832654507
-1.02228395360186
0.313663750663419
0.246705755912616
0.0890992654655428
-0.262350334135739
-0.0852983928671783
-2.23102069352957
-0.551091434325233
0.713024146081434
-0.632300813151973
-0.92496349929135
-0.901976245782483
1.18211488027983
0.0246143943290559
-0.361771677575155
0.0701066656601613
-0.819700777030871
-0.641576744994303
0.353698356136129
1.05474757823002
2.14789554498533
-0.896303604660464
1.03513851133317
-0.693628193989263
0.157789901384139
0.757683492838414
-1.93598048907953
-0.104316191566766
0.235012030420678
-0.173144605405097
-1.91188271914526
-1.13039894826583
-1.04163037236523
-0.835700768492836
-1.53258701248226
-0.100509832654507
-0.435579297509072
1.59697220395905
-1.28760012339238
-0.127188078428544
1.86677128030113
-0.879456002843242
-0.161624949895349
-1.05474757823002
-0.325618529733512
NA
-0.373926211838597
-0.32162851492532
0.317643613971661
-0.0814987521484218
0.551091434325233
-0.439746326082884
0.803907928043804
-0.573265033696153
-0.762738549715647
1.62468541217017
1.46286423642373
-0.732692132481321
0.278059392045349
1.70003752653906
0.297793170723491
-0.431419818720943
-1.44113400690854
-0.595724158282952
0.0625170841058628
-0.0511393232982639
1.20527624545400
-0.978565805201503
-1.17453383211624
0.382059922040311
0.481854422329216
1.44113400690854
-1.43051949090006
-1.84556988336563
-0.270196528266591
0.146298435825146
0.61390981425558
-0.747630969154575
0.0208269670579663
-1.38959278479527
1.32310457280786
1.04816643165046
-0.0929014256889773
-0.329613735225009
-0.0587236706235759
-2.27914225700977
-1.10913580414567
-0.377989941081276
0.0397681790163968
-1.65370576283156
-0.0321903626464194
-1.04816643165046
1.2704412643292
-0.546689389515057
1.15218584515452
0.752647723773456
-0.473366589962641
-1.06137472751207
-1.59697220395905
-0.203980701198065
0.464912724666534
0.285939484684202
0.134826257742134
1.17453383211624
0.439746326082884
-1.19748434770810
0.809149770491807
-0.289886168750063
-0.997068796305716
1.93598048907953
-0.665012815772782
-0.486111353645339
NA
-1.49681620847430
-0.293837373364264
-0.123371797440788
1.63902305047714
-0.618487892493656
0.767813172900075
-0.788313085935492
0.398404113416721
1.48530806795629
-0.511842377037431
0.4691354662864
1.31407266411147
-0.00189322490336053
0.793489907462665
0.56436235525209
1.01591960168025
1.08154176417268
-0.86285440397965
-1.23720203940178
-0.285939484684202
0.423123115491408
-0.00946626023872669
-0.507530734105928
0.582213381887861
-0.907678061041306
-1.82516700799191
0.337620028744808
0.047348279727706
-0.498935571661301
1.42006374518889
0.873895387964321
-0.301753633564138
0.211718974705174
-0.165462377004377
-1.36997449294972
0.184687284325147
0.176989526541816
0.0739029439886668
-1.46286423642373
0.546689389515057
-0.180837065980351
0.679250977694639
-0.559927777715237
-0.386136241608489
-0.390218987506867
0.341631273639982
0.262350334135740
-1.00331278420131
0.507530734105928
0.595724158282953
0.373926211838597
0.727748799994816
0.885043944791843
-0.555504184211408
1.36036005642362
0.655595235125986
1.47399334248279
-0.803907928043804
0.223350354265381
-0.586705054260726
0.361771677575155
NA
0.448103433988463
0.907678061041307
1.30514669736827
-0.0397681790163968
0.0549311019889195
0.600251901580057
0.486111353645339
0.329613735225009
0.219469947128535
-0.960391914232206
0.00567970185392132
-0.341631273639982
-1.86677128030113
-1.12325477518464
-0.357732102288701
-0.448103433988463
0.627683219280826
1.19748434770810
0.896303604660464
-1.03513851133317
1.08836264458194
0.960391914232206
0.333614208860456
0.0170398385190063
1.22910288766493
-0.684027653390623
0.357732102288701
-0.0701066656601613
-0.0246143943290561
0.258433315534908
1.11616747675785
-1.30514669736827
-2.55647002368575
-1.66875389577132
-0.84648728016128
0.490377112321031
0.60934456684481
-0.0777002876891277
0.435579297509072
-0.679250977694639
-0.772907646152691
-0.246705755912616
-0.646235444415498
-0.568808059151089
2.04570403531359
0.309688849399128
-0.954404055756273
-1.98785440585857
0.0435579165274821
NA
-1.16701969272524
0.377989941081276
0.207848282178791
-0.669743764052531
-1.71632421314876
1.26200040544829
-1.61067418434749
-0.851917616092557
-0.184687284325147
0.0284021747181042
-0.219469947128535
-0.494651812989655
-0.767813172900075
0.830343835010662
-1.09523453996882
-0.258433315534908
-0.91917118129841
0.369868648231954
0.196254623168961
1.29632352111922
0.708150239318831
0.533546127416494
0.406616018723657
-0.520494395364314
0.636931928611563
0.161624949895349
1.24538317047118
2.46778575583489
2.07740331549137
0.456491956228486
0.111933501783243
-0.274125841682212
0.70329309689627
0.443921004521106
0.529185553621486
-0.490377112321031
-0.242804176887980
2.27914225700977
-0.402506673158185
-1.76812939121520
-0.722823187547106
1.54495769940588
-0.353698356136129
-1.39960572069354
-0.0625170841058627
-1.36036005642362
-1.15218584515452
-0.516163556348201
-0.192396001586498
-0.481854422329215
-0.345648022977735
-0.737653434640537
-1.48530806795629
-0.153957172188323
-1.37971726155751
-0.830343835010662
0.623078970381335
-0.317643613971661
-0.623078970381335
-0.134826257742134
0.431419818720943
0.414855436698262
1.23720203940178
-0.533546127416494
-1.14486312554734
0.108124062456265
-0.713024146081434
0.79868808199436
0.91917118129841
0.203980701198065
-0.86836166389983
1.00959613575462
0.632300813151973
-0.138648271300564
-0.146298435825146
-0.111933501783243
0.0511393232982639
NA
-0.688819987558705
-0.727748799994816
0.150126703269218
0.452293716757104
0.301753633564139
0.604791983922797
0.131006212689888
-0.309688849399128
NA
-0.142472311284785
1.73307932259791
-0.119557312400960
-1.26200040544829
-1.15957087445782
-1.00959613575462
-1.73307932259791
-0.674489750196082
-0.250611094003808
-0.406616018723656
1.71632421314876
0.92496349929135
0.646235444415497
0.86285440397965
-0.591208594821865
1.66875389577132
-1.18976448311532
0.783157305093353
-1.34149957333029
-0.717915049896028
-1.80549678056145
0.978565805201503
0.990863441495784
1.02228395360186
-2.04570403531359
-0.89065965995114
-0.398404113416721
0.00946626023872669
0.127188078428544
-1.45191342298007
1.49681620847430
-0.278059392045349
-0.56436235525209
-0.825010624373457
-2.07740331549137
1.43051949090006
-0.365817164977998
0.936642275599285
-0.231121331192816
-0.369868648231954
1.18976448311532
-1.32310457280786
-0.313663750663419
-2.01593621071847
-1.54495769940588
0.997068796305716
-0.238906290422233
-0.0549311019889196
-2.14789554498533
-1.58356365021179
1.53258701248226
1.88884659872797
0.737653434640537
-1.11616747675785
1.91188271914526
0.349670356872779
-0.456491956228486
0.096704929414091
0.825010624373457
0.427267790704794
-0.582213381887861
0.081498752148422
-2.39508937963715
-0.70329309689627
0.289886168750063
-0.150126703269218
-0.966414406608263
-0.60934456684481
0.498935571661301
-0.0359790125762738
0.879456002843243
-1.21314201538716
0.688819987558705
1.78650130024513
0.402506673158185
0.693628193989263
-0.176989526541816
0.200116169004249
-0.650908211835498
0.39430824830087
0.573265033696153
-0.0208269670579663
-0.108124062456265
0.00189322490336053
-1.2704412643292
1.34149957333029
-2.11133878718703
1.25364851635833
1.13039894826583
-1.33224572328280
0.841081791919337
-2.46778575583490
NA
-0.600251901580057
-0.297793170723491
0.325618529733512
1.16701969272524
-1.52044651453973
0.722823187547106
-1.27897362348218
1.55756944119228
-0.85737319082951
1.75033559091550
-0.382059922040311
1.84556988336563
-0.0132529543563541
0.641576744994303
0.669743764052531
0.674489750196082
-0.169302242244177
0.972472156865782
0.511842377037431
0.591208594821865
-0.410732242223586
1.12325477518464
0.0587236706235759
2.55647002368575
0.231121331192816
-0.524835018966341
0.717915049896028
0.47760620508872
-1.10215854864744
1.02868998485568
-0.873895387964321
0.698452490074352
-0.0890992654655428
0.123371797440788
-0.460698256955743
-0.423123115491408
0.66029670513814
0.250611094003808
-0.223350354265381
-0.529185553621486
-0.885043944791843
0.835700768492836
1.09523453996882
1.27897362348218
-0.227234127443696
0.665012815772782
-0.337620028744808
0.138648271300564
2.39508937963715
0.5422979130739
0.520494395364314
0.742632960611366
-0.096704929414091
1.28760012339238
1.2210835677274
0.460698256955744
0.954404055756274
-0.0170398385190065
-0.333614208860456
1.33224572328280
1.07477083416950
0.84648728016128
-0.00567970185392145
0.227234127443696
-0.814413940766733
2.33320359538048
0.747630969154575
0.418985696135948
-1.63902305047714
0.165462377004377
0.85737319082951
NA
0.0359790125762736
0.390218987506867
-0.984696008610514
-0.66029670513814
-0.211718974705174
0.524835018966341
0.930787018189007
-1.75033559091550
1.35086974911053
-0.418985696135949
-0.930787018189007
-0.537916870091368
1.39960572069354
0.192396001586497
-0.61390981425558
-0.281997249499015
-1.62468541217017
0.819700777030871
1.21314201538716
2.83856266212618
2.11133878718703
0.188540242466239
0.153957172188323
-0.349670356872779
0.473366589962641
-1.29632352111922
1.82516700799191
-2.18757044914467
0.0663113974247462
-0.936642275599285
-0.809149770491807
0.410732242223586
0.650908211835498
0.555504184211408
-1.961257926632
1.06804882234882
-1.88884659872797
-0.200116169004249
-0.698452490074352
0.180837065980352
0.142472311284785
1.68418969008116
1.1376012868128
2.23102069352956
-0.577733425168106
-1.31407266411147
-0.783157305093353
-1.47399334248279
0.365817164977998
-0.188540242466239
-0.627683219280826
-0.948450222856738
1.37971726155751
1.65370576283156
-0.414855436698262
NA
0.503228505750723
-0.39430824830087
-1.50852606991618
1.58356365021179
0.281997249499015
-1.06804882234882
1.40976098002537
3.17264443281907
-1.18211488027983
0.778022258642519
-0.047348279727706
-0.708150239318831
-1.42006374518889
-1.01591960168025
NA
2.01593621071847
-1.68418969008116
0.119557312400960
-0.131006212689888
0.618487892493656
0.788313085935492
0.762738549715647
-1.07477083416950
-1.25364851635833
-0.604791983922797
1.5704339067527
0.115744566168799
-1.08154176417268
NA
-2.67143054630306
-0.752647723773456
1.10215854864744
1.80549678056145
-0.452293716757104
-0.196254623168961
-0.0284021747181042
0.305718835173164
0.851917616092557
-0.972472156865782
0.0777002876891277
0.32162851492532
-0.742632960611366
0.0132529543563542
-0.215592841874113
-0.94252982233359
-0.503228505750723
0.173144605405097
-1.70003752653906
2.67143054630306
0.345648022977735
-1.22910288766493
2.18757044914467
0.89065965995114
0.568808059151089
0.0929014256889775
-0.655595235125986
0.0321903626464195
-0.636931928611563
-3.17264443281908
0.913409539374317
-1.20527624545400
0.537916870091368
-0.427267790704794
NA
-1.55756944119228
-0.043557916527482
-0.0739029439886669
-0.5422979130739
-0.464912724666534
0.948450222856738
-0.443921004521106
1.50852606991618
-0.207848282178791
1.04163037236523
1.10913580414567
-1.2210835677274
-1.5704339067527
-0.266271382143427
-1.1376012868128
-2.33320359538048
-1.35086974911053
-1.24538317047118
-0.235012030420678
0.254520258091094
1.00331278420131
0.215592841874113
0.38613624160849
1.45191342298007
0.966414406608263
0.94252982233359
-0.990863441495784
0.169302242244177
0.984696008610514
1.15957087445782
-0.115744566168799
-0.841081791919337
0.104316191566765
1.98785440585857
0.577733425168106
0.274125841682212
-0.4691354662864
-1.02868998485568
-0.778022258642519
1.38959278479527
-0.157789901384139
-0.47760620508872
NA
0.586705054260726
0.516163556348201
1.52044651453973
0.242804176887980
-2.83856266212618
0.684027653390623
0.185492440023814
0.857254320221178
0.0587173278456586
NA
-1.65962474782822
0.919451367733584
0.906732079404235
-0.423074642378989
-1.59654174664372
0.0755220791177893
0.245563603381121
0.109200481691432
-0.395725295814487
0.413924001137955
-0.945347284996974
-0.999142320524061
0.845210517642245
-1.16468343363403
0.752908305712428
0.809791183427446
0.615141104595973
NA
-0.359710625595697
0.211142702190852
-1.0857446665429
-0.0419291431502813
-2.39275489660418
-1.39214135059835
1.62727394147982
-0.450744212615359
-0.833288085435938
-0.126083849288774
0.605042886041057
0.306535014430424
0.93232117333692
NA
-0.185492440023815
-0.151478002313674
0.423074642378989
-0.100770756630519
-0.271569339467595
-0.821482940311952
-0.0671173342009426
0.709102503409024
0.507163456142232
-0.595005993192609
0.202578005081580
-0.432260847927382
-0.194028142423926
-0.109200481691432
NA
-1.90441476856901
0.635528765421239
-0.605042886041057
0.315333619792654
-0.254212876002529
-0.168460856168547
0.687704642340425
0.565246144137576
1.65962474782822
1.41458354751025
-0.764085901263402
1.13226013785306
0.324156705261761
0.0335397758044486
1.04146699628021
1.76882503851871
2.57467454209142
1.37037919895668
-1.62727394147982
-0.0587173278456586
0.100770756630519
0.488186056283768
-0.0167675299774601
-0.698363602269599
0.656184088096663
NA
-0.211142702190852
-0.368668833699929
-0.315333619792654
-0.262881208541123
-0.0755220791177893
-0.741823995873347
0.625302445489647
0.698363602269599
2.26665398861702
0.881723367222291
0.228319336319834
1.81039784203411
-0.958535811858621
0.297760076255028
1.85535779203373
-1.53923957513999
2.93416333359503
0.0167675299774601
-0.00838347035690224
1.27020005541707
-0.809791183427446
-0.535978739468217
0.585028686600641
-0.478763306479056
0.134538728386550
-0.919451367733584
-1.48658767185423
0.350781191965050
0.0671173342009426
-0.51672066174184
2.01908620058314
1.73010207191278
0.798209088966443
1.11648626354063
0.666617133110164
1.90441476856901
-0.497652352621118
0.0923481864158395
0.151478002313674
0.280278018310215
0.159963662102485
0.497652352621118
-1.34924736708494
0.575109281278438
0.535978739468217
0.0419291431502813
-1.81039784203411
-1.32870144416247
1.05599631228865
-0.441483676649318
-0.786733093588896
0.404807889481105
1.9585353770322
-0.89415781726147
-1.76882503851871
-0.0503214626218802
-1.23349456196869
-1.37037919895668
1.69381205125523
0
-0.635528765421239
-1.30870159420213
-1.41458354751025
-0.752908305712428
-0.143003236108664
-0.0335397758044486
1.48658767185423
0.469382875309116
-0.413924001137955
0.359710625595697
-0.526325300126827
1.46173913361678
1.18136389638480
1.34924736708494
0.450744212615359
0.945347284996974
0.117637973855978
0.526325300126827
-0.0923481864158395
-0.350781191965050
-1.14832088511842
-0.386675230704416
0.0251527684153148
-0.615141104595974
-0.404807889481105
1.07075204066874
1.51238958606768
-0.245563603381121
1.25163651930545
-0.906732079404235
-1.25163651930545
-1.69381205125523
-0.565246144137576
0.958535811858621
0.971893208303903
-0.297760076255028
0.143003236108664
-2.16876757067231
NA
-0.333005098197297
-0.71992381140598
-1.73010207191278
-1.51238958606768
0.985426301300143
0.0503214626218802
0.377656725950741
-0.845210517642245
-0.0251527684153148
1.01304893160908
1.59654174664372
-0.798209088966443
-0.507163456142232
-1.13226013785306
-0.5554376915664
-2.08809464894537
-2.57467454209142
-1.85535779203373
0.545682387142217
-0.377656725950741
1.10098540336663
-0.645821984219415
-0.575109281278438
0.262881208541123
-2.93416333359503
0.395725295814487
-0.280278018310215
-2.01908620058314
0.595005993192609
0.645821984219415
-1.04146699628021
-0.469382875309116
0.786733093588896
0.432260847927382
-0.306535014430424
-1.21574974638902
-1.56724748037274
-0.677123248845429
-0.134538728386551
-0.625302445489647
0.441483676649318
0.833288085435938
0.677123248845429
0.333005098197297
1.23349456196869
-0.666617133110164
1.39214135059835
0.821482940311952
1.32870144416247
-0.159963662102485
-0.585028686600641
-0.324156705261761
-0.869423773288886
0.5554376915664
1.53923957513999
-0.985426301300143
0.271569339467595
-0.545682387142217
0.21972291581858
1.56724748037274
-0.687704642340425
0.00838347035690224
0.289008006170215
-0.219722915818580
-0.289008006170215
1.43776172685235
1.28921194131144
0.869423773288886
0.083932162377445
-1.9585353770322
-1.027154272915
0.236932662765273
0.730830087878545
-0.20257800508158
1.16468343363403
-1.05599631228865
-0.775359786670597
-1.46173913361678
2.16876757067231
0.168460856168547
0.176970231155647
-0.083932162377445
1.14832088511842
-0.176970231155647
-0.881723367222291
-0.857254320221178
1.21574974638902
-2.26665398861702
2.08809464894537
0.71992381140598
0.999142320524061
-0.460043566212365
0.460043566212365
0.254212876002529
-0.709102503409024
1.027154272915
0.478763306479056
-1.43776172685235
-0.656184088096663
-1.28921194131144
0.741823995873347
1.0857446665429
-1.07075204066874
0.764085901263402
2.39275489660418
-0.488186056283768
-1.11648626354063
-1.27020005541707
-0.971893208303903
-0.228319336319834
1.19837970230692
1.30870159420213
-0.730830087878545
-1.01304893160908
-0.93232117333692
0.126083849288774
0.368668833699929
-1.19837970230692
0.386675230704416
-0.341879641037746
-1.18136389638480
0.51672066174184
0.89415781726147
0.341879641037746
0.775359786670597
-1.10098540336663
0.194028142423926
-0.236932662765272
-0.117637973855978
